%%*************************************************************************
% This function defines the locations of wind and solar PV generators, this
% information will be used to generate the random input file.
%
% NOTE: We use the bus index and gen index to mapping mpc struct, make sure
%       the data you type in the following tables are exactly right.
%
% Copyright(c) 2018 Hao Sheng & Xiaozhe Wang, McGill University
%%*************************************************************************
function userdef = userdef_1354()

%% 1. Specify the locations at where the wind power plants are installed.
% *************************************************************************

% Bus_I,Gen_Idx,c,k,Pr,Vr,Vin,Vout,-PF,+PF.
userdef.wind = [...
    124      1     7.0000     6.0000   100.0000  13.5000   3.5000  25.0000  -0.9500   0.9500;
    516      8     8.0000     6.5000   100.0000  13.8000   3.5000  25.0000  -0.9500   0.9500;
	858     23     9.0000     6.0000   100.0000  13.0000   5.0000  25.0000  -0.9500   0.9500;
   1043     28     9.0000     7.0000   100.0000  12.9000   5.0000  24.0000  -0.9500   0.9500;
   1251     34     8.0000     7.0000   100.0000  12.0000   5.5000  24.0000  -0.9500   0.9500;
   1708     44     7.0000     6.0000   100.0000  10.0000   3.5000  20.0000  -0.9500   0.9500;
   1888     51     6.1470     3.0561   100.0000  13.0000   4.0000  25.0000  -0.9500   0.9500;
   2035     54     6.6050     2.3888   100.0000  10.0000   3.0000  25.0000  -0.9500   0.9500;
   2050     55     6.1528     2.1379   100.0000  14.0000   4.0000  28.0000  -0.9500   0.9500;
   3028     88     8.0063     2.1182   100.0000  13.0000   3.0000  25.0000  -0.9500   0.9500;
   3306     96     7.0000     6.0000   100.0000  13.5000   3.5000  25.0000  -0.9500   0.9500;
   3436    103     8.0000     6.5000   100.0000  13.8000   3.5000  25.0000  -0.9500   0.9500;
   3513    105     9.0000     6.0000   100.0000  13.0000   5.0000  25.0000  -0.9500   0.9500;
   3580    107     9.0000     7.0000   100.0000  12.9000   5.0000  24.0000  -0.9500   0.9500;
   3661    110     8.0000     7.0000   100.0000  12.0000   5.5000  24.0000  -0.9500   0.9500;
   3741    112     7.0000     6.0000   100.0000  10.0000   3.5000  20.0000  -0.9500   0.9500;
   3825    114     6.1470     3.0561   100.0000  13.0000   4.0000  25.0000  -0.9500   0.9500;
   3869    115     6.6050     2.3888   100.0000  10.0000   3.0000  25.0000  -0.9500   0.9500;
   4419    129     6.1528     2.1379   100.0000  14.0000   4.0000  28.0000  -0.9500   0.9500;
   4480    130     8.0063     2.1182   100.0000  13.0000   3.0000  25.0000  -0.9500   0.9500;
];
%123456 123456 1234567890 1234567890 1234567890 12345678 12345678 12345678 12345678 12345678.

%% 2. Specify the locations at where the solar PV power plants farms are installed.
% *************************************************************************

% Bus_I,Gen_Idx,alpha,beta,min,max,Pr,Rc,Rstd,-PF,+PF.
userdef.solar = [...
    352      5     0.9000     0.8500   0.0000  1000.0000    80.0000   150.0000  1000.0000  -1.0000   1.0000;
    823     21     0.9000     0.8000   0.0000  1000.0000    80.0000   150.0000  1000.0000  -1.0000   1.0000;
    891     24     0.9500     0.9500   0.0000  1000.0000    80.0000   150.0000  1000.0000  -1.0000   1.0000;
    972     25     0.9000     0.8500   0.0000  1000.0000    80.0000   150.0000  1000.0000  -1.0000   1.0000;
   1093     30     0.9500     0.9500   0.0000  1000.0000    80.0000   150.0000  1000.0000  -1.0000   1.0000;
   1237     33     0.9000     0.8500   0.0000  1000.0000    80.0000   150.0000  1000.0000  -1.0000   1.0000;
   1680     43     0.9000     0.8500   0.0000  1000.0000    80.0000   150.0000  1000.0000  -1.0000   1.0000;
   1794     47     0.9000     0.8000   0.0000  1000.0000    80.0000   150.0000  1000.0000  -1.0000   1.0000;
   2446     65     0.9500     0.9500   0.0000  1000.0000    80.0000   150.0000  1000.0000  -1.0000   1.0000;
   2627     71     0.9000     0.8500   0.0000  1000.0000    80.0000   150.0000  1000.0000  -1.0000   1.0000;
   2786     74     0.9500     0.9500   0.0000  1000.0000    80.0000   150.0000  1000.0000  -1.0000   1.0000;
   2816     77     0.9000     0.8500   0.0000  1000.0000    80.0000   150.0000  1000.0000  -1.0000   1.0000;
   7183    208     0.9000     0.8500   0.0000  1000.0000    80.0000   150.0000  1000.0000  -1.0000   1.0000;
   5144    151     0.9000     0.8000   0.0000  1000.0000    80.0000   150.0000  1000.0000  -1.0000   1.0000;
   5379    156     0.9500     0.9500   0.0000  1000.0000    80.0000   150.0000  1000.0000  -1.0000   1.0000;
   5481    159     0.9000     0.8500   0.0000  1000.0000    80.0000   150.0000  1000.0000  -1.0000   1.0000;
   5490    163     0.9500     0.9500   0.0000  1000.0000    80.0000   150.0000  1000.0000  -1.0000   1.0000;
   5781    170     0.9000     0.8500   0.0000  1000.0000    80.0000   150.0000  1000.0000  -1.0000   1.0000;
   5971    175     0.9000     0.8500   0.0000  1000.0000    80.0000   150.0000  1000.0000  -1.0000   1.0000;
   6857    198     0.9000     0.8000   0.0000  1000.0000    80.0000   150.0000  1000.0000  -1.0000   1.0000;
];
%123456 123456 1234567890 1234567890 12345678 1234567890 1234567890 1234567890 1234567890 12345678 12345678.

%% 3. Specify the responses of interest.
% *************************************************************************

% Type,Bus_I,Bus_J,Index,Flag.
% Type: 1 - Vm, 2 - Sij.
% Flag: 1 - plot; 2 - no;
userdef.respinfo = [...
      2    118   4598     17      1;
      2   3657   1172    667      0;
      2   8291   8473   1345      0;
      2   3391   5213    838      0;
      2   1754    960   1067      1;
      2   6901   4874   1904      1;
      2   8683   6570    108      0;
      2   7267   6581     86      1;
      2   3918   1642   1269      0;
      2   3246    124   1706      0;
      2   8846   4783   1707      0;
      2   2393   3306   1708      0;
      2   1895   4480   1709      0;
      2   8030   1923    230      0;
      2   1001   3580    644      1;
      2   1001    516    643      1;
      2   1758   1923    223      1;
];
%123456 123456 123456 123456 123456

userdef.respname = {...
    'S_1_1_8_-_4_5_9_8';
    'S_3_6_5_7_-_1_1_7_2';
    'S_8_2_9_1_-_8_4_7_3';
    'S_3_3_9_1_-_5_2_1_3';
    'S_1_7_5_4_-_9_6_0';
    'S_6_9_0_1_-_4_8_7_4';
    'S_8_6_8_3_-_6_5_7_0';
    'S_7_2_6_7_-_6_5_8_1';
    'S_3_9_1_8_-_1_6_4_2';
    'S_3_2_4_6_-_1_2_4';
    'S_8_8_4_6_-_4_7_8_3';
    'S_2_3_9_3_-_3_3_0_6';
    'S_1_8_9_5_-_4_4_8_0';
    'S_8_0_3_0_-_1_9_2_3';
    'S_1_0_0_1_-_3_5_8_0';
    'S_1_0_0_1_-_5_1_6';
    'S_1_7_5_8_-_1_9_2_3';
};
